ID,RA_DMS,DEC_DMS,SEMI_MAJ_PC,SEMI_MIN_PC,AVG_RAD_PC,PA_DEG,ARM,DIST_ARM_PC,GAL_RAD_KPC
1,24d09m4.2s,15d48m10.3s,219,91,177,70,,,4.99
2,24d09m5.1s,15d48m10.8s,110,0,73,70,,,4.98
3,24d10m11.5s,15d48m8.0s,256,183,232,70,,,3.26
4,24d10m16.5s,15d47m11.4s,35,35,35,0,,,0.65
5,24d10m16.5s,15d47m4.2s,25,25,25,0,,,0.45
6,24d10m16.8s,15d47m8.1s,26,26,26,0,,,0.53
7,24d10m17.8s,15d46m48.4s,110,66,96,31,,,0.71
8,24d10m20.3s,15d46m56.9s,89,23,67,11,,,0.33
9,24d10m20.8s,15d47m9.8s,175,58,136,-69,,,0.47
10,24d10m21.2s,15d46m43.2s,66,0,44,-20,,,0.88
11,24d10m21.7s,15d46m43.3s,87,46,73,-19,,,0.87
12,24d10m23.0s,15d46m54.7s,31,31,31,0,,,0.33
13,24d10m23.6s,15d47m8.0s,127,31,95,-64,,,0.35
14,24d10m23.8s,15d47m12.3s,25,25,25,0,,,0.54
15,24d10m24.7s,15d47m12.3s,21,21,21,0,,,0.54
16,24d10m24.9s,15d46m54.6s,47,23,39,-49,,,0.31
17,24d10m26.1s,15d47m50.7s,0,0,0,70,,,2.37
18,24d10m26.1s,15d47m7.4s,88,37,71,-29,,,0.30
19,24d10m26.2s,15d46m43.2s,127,48,101,-29,,,0.86
20,24d10m26.6s,15d47m1.0s,330,173,278,31,,,0.03
21,24d10m26.9s,15d47m1.4s,0,0,0,70,,,0.05
22,24d10m27.0s,15d47m1.2s,0,0,0,0,,,0.05
23,24d10m27.3s,15d46m47.3s,104,45,84,-39,,,0.66
24,24d10m28.4s,15d47m6.0s,37,37,37,70,,,0.26
25,24d10m28.8s,15d46m52.3s,162,55,126,-49,,,0.44
26,24d10m30.4s,15d47m4.5s,48,37,44,70,,,0.26
27,24d10m30.8s,15d46m39.1s,114,39,89,11,,,1.07
28,24d10m31.2s,15d46m55.9s,89,45,74,-69,,,0.35
29,24d10m33.0s,15d47m3.9s,35,35,35,0,,,0.35
30,24d10m33.5s,15d46m55.6s,40,37,39,70,,,0.44
31,24d10m33.8s,15d47m3.2s,39,39,39,0,,,0.38
32,24d10m36.7s,15d46m59.9s,24,24,24,0,,,0.50
33,24d10m36.7s,15d46m42.6s,51,40,48,70,,,1.01
34,24d10m38.1s,15d46m58.1s,29,29,29,0,,,0.58
35,24d10m39.0s,15d46m51.0s,59,59,59,0,,,0.77
36,24d10m39.0s,15d46m54.3s,46,46,46,0,,,0.68
37,24d10m39.3s,15d46m56.2s,19,19,19,0,,,0.66
38,24d10m42.2s,15d46m47.4s,59,37,51,41,,,0.99
39,24d10m44.0s,15d46m52.6s,48,37,44,70,,,0.92
40,24d10m48.6s,15d46m46.5s,95,42,77,31,,,1.25
41,24d10m49.0s,15d47m52.3s,347,210,302,-20,,,2.66
42,24d10m49.5s,15d48m8.9s,249,168,222,-49,,,3.41
43,24d10m49.8s,15d47m40.0s,219,201,213,70,,,2.16
44,24d10m52.5s,15d48m30.7s,122,122,122,0,,,4.44
45,24d10m54.0s,15d47m25.1s,101,91,98,-20,,,1.72
46,24d10m54.0s,15d46m32.8s,40,37,39,70,,,1.87
47,24d10m54.4s,15d46m36.8s,162,99,141,70,,,1.75
48,24d10m54.7s,15d46m38.4s,151,99,134,-49,,,1.71
49,24d10m55.2s,15d47m24.1s,0,0,0,70,,,1.74
50,24d10m56.1s,15d47m49.7s,366,247,326,11,,,2.70
51,24d10m56.2s,15d47m23.0s,37,27,34,-20,,,1.74
52,24d11m1.6s,15d46m9.1s,40,37,39,70,,,2.98
53,24d11m2.0s,15d46m57.6s,82,73,79,-20,,,1.67
54,24d11m4.3s,15d46m7.5s,33,22,29,-49,,,3.11
55,24d11m9.7s,15d46m21.0s,452,452,452,0,,,2.78
56,24d11m10.9s,15d46m42.7s,128,37,98,70,,,2.24
57,24d11m11.1s,15d46m49.7s,62,44,56,70,,,2.15
58,24d11m11.5s,15d46m42.5s,104,85,98,-20,,,2.27
59,24d11m13.0s,15d46m32.9s,43,37,41,70,,,2.55
60,24d11m13.4s,15d46m47.7s,46,43,45,-20,,,2.27
61,24d11m15.1s,15d46m31.2s,58,31,49,41,,,2.67
62,24d11m15.3s,15d46m46.1s,52,40,48,-20,,,2.38
63,24d11m16.1s,15d46m34.2s,66,59,64,-20,,,2.64
64,24d11m16.5s,15d46m55.0s,59,48,55,70,,,2.34
65,24d11m16.6s,15d46m51.9s,85,22,64,26,,,2.37
66,24d11m17.2s,15d46m8.4s,52,46,50,70,,,3.45
67,24d11m18.2s,15d46m38.9s,77,74,76,70,,,2.63
68,24d11m18.6s,15d45m45.6s,83,49,72,21,,,4.34
69,24d11m18.7s,15d46m37.8s,55,37,49,-20,,,2.67
70,24d11m19.0s,15d46m9.3s,70,55,65,-20,,,3.47
71,24d11m19.3s,15d46m36.1s,67,61,65,-20,,,2.73
72,24d11m19.9s,15d45m54.2s,69,31,56,-9,,,4.04
73,24d11m19.9s,15d45m53.8s,49,0,33,-20,,,4.06
74,24d11m20.1s,15d45m55.9s,89,34,70,-29,,,3.98
75,24d11m20.4s,15d45m49.6s,150,89,130,81,,,4.23
76,24d11m21.0s,15d46m27.0s,91,32,71,46,,,3.01
77,24d11m21.5s,15d46m1.0s,70,46,62,-20,,,3.84
78,24d11m21.7s,15d45m38.4s,55,52,54,-20,,,4.70
79,24d11m22.0s,15d46m18.5s,195,114,168,70,,,3.28
80,24d11m22.2s,15d45m35.5s,101,61,88,-20,,,4.84
81,24d11m22.4s,15d46m38.8s,103,66,91,31,,,2.80
82,24d11m23.1s,15d46m33.4s,88,81,86,70,,,2.94
83,24d11m23.4s,15d45m33.5s,55,52,54,-20,,,4.94
84,24d11m24.4s,15d45m54.8s,138,101,126,70,,,4.15
85,24d11m25.0s,15d46m37.9s,74,37,61,70,,,2.93
86,24d11m25.7s,15d45m49.7s,0,0,0,70,,,4.38
87,24d11m25.8s,15d46m35.7s,46,43,45,-20,,,3.01
88,24d11m27.6s,15d45m23.3s,25,25,25,70,,,5.46
89,24d11m28.4s,15d45m24.4s,28,28,28,70,,,5.43
90,24d11m30.3s,15d45m24.8s,49,21,40,-20,,,5.46
91,24d11m30.6s,15d45m30.8s,110,58,93,-20,,,5.23
92,24d11m31.9s,15d46m46.8s,46,46,46,70,,,3.11
93,24d11m32.3s,15d46m43.7s,52,49,51,70,,,3.16
94,24d11m32.4s,15d46m47.7s,58,25,47,-79,,,3.12
95,24d11m32.7s,15d46m23.6s,123,74,106,70,,,3.55
96,24d11m32.8s,15d45m43.0s,37,31,35,70,,,4.83
97,24d11m33.0s,15d46m40.8s,55,55,55,70,,,3.23
98,24d11m33.1s,15d45m28.5s,34,25,31,70,,,5.39
99,24d11m34.7s,15d45m31.7s,28,28,28,70,,,5.31
100,24d11m34.8s,15d45m29.5s,28,21,26,-20,,,5.39
101,24d11m36.0s,15d45m28.7s,37,25,33,70,,,5.46
102,24d11m36.1s,15d45m40.9s,52,52,52,70,,,5.00
103,24d11m36.2s,15d45m32.2s,25,18,22,-20,,,5.33
104,24d11m36.7s,15d45m31.4s,25,18,22,-20,,,5.38
105,24d11m37.0s,15d46m14.3s,37,31,35,70,,,3.96
106,24d11m37.1s,15d45m26.2s,34,34,34,70,,,5.59
107,24d11m37.3s,15d46m7.6s,123,74,106,-20,,,4.16
108,24d11m37.4s,15d45m28.9s,37,28,34,70,,,5.49
109,24d11m37.5s,15d46m10.9s,92,77,87,70,,,4.07
110,24d11m38.4s,15d45m27.1s,43,34,40,70,,,5.59
111,24d11m39.0s,15d45m38.8s,350,128,276,-34,,,5.17
112,24d11m39.1s,15d45m38.9s,245,230,240,-20,,,5.17
113,24d11m39.1s,15d46m25.4s,31,28,30,70,,,3.77
114,24d11m39.3s,15d45m29.4s,43,34,40,70,,,5.53
115,24d11m39.7s,15d45m31.3s,67,43,59,70,,,5.46
116,24d11m41.3s,15d45m47.5s,55,25,45,70,,,4.93
117,24d11m42.0s,15d45m46.2s,49,21,40,70,,,5.00
118,24d11m42.5s,15d45m31.5s,46,43,45,70,,,5.54
119,24d11m44.8s,15d46m1.7s,40,31,37,70,,,4.60
120,24d11m45.5s,15d45m48.5s,135,95,121,70,,,5.04
121,24d11m45.6s,15d46m0.2s,31,28,30,70,,,4.67
122,24d11m45.7s,15d45m59.0s,34,28,32,-20,,,4.71
123,24d11m46.9s,15d45m44.2s,28,25,27,70,,,5.23
124,24d11m47.1s,15d45m33.9s,67,61,65,70,,,5.59
125,24d11m47.5s,15d46m20.1s,122,46,97,81,,,4.23
126,24d11m47.9s,15d45m45.1s,28,25,27,70,,,5.23
127,24d11m48.0s,15d45m46.2s,28,25,27,-20,,,5.20
128,24d11m48.2s,15d45m42.4s,40,31,37,70,,,5.33
129,24d11m48.3s,15d46m1.0s,61,18,47,-89,,,4.75
130,24d11m48.3s,15d45m47.4s,34,25,31,-20,,,5.17
131,24d11m48.8s,15d45m38.0s,89,64,81,70,,,5.50
132,24d11m49.5s,15d46m15.9s,168,129,155,70,,,4.41
133,24d11m51.3s,15d46m3.7s,169,45,128,81,,,4.78
134,24d11m51.6s,15d45m46.3s,21,21,21,70,,,5.31
135,24d11m53.3s,15d45m44.6s,40,31,37,70,,,5.43
136,24d11m54.0s,15d45m53.1s,74,55,67,70,,,5.18
137,24d11m55.7s,15d45m57.1s,43,43,43,70,,,5.13
138,24d11m57.0s,15d45m39.3s,52,49,51,-20,,,5.72
139,24d11m57.6s,15d45m53.0s,98,58,85,70,,,5.32
140,24d11m57.9s,15d45m43.4s,52,46,50,70,,,5.62
