ID,RA_DMS,DEC_DMS,SEMI_MAJ_PC,SEMI_MIN_PC,AVG_RAD_PC,PA_DEG,ARM,DIST_ARM_PC,GAL_RAD_KPC
1,353d35m32.1s,-36d05m18.0s,48,20,39,-20,,,10198.94
2,353d35m34.1s,-36d05m42.0s,36,17,30,20,,,10199.83
3,353d35m35.3s,-36d05m39.5s,108,47,87,-50,,,10199.71
4,353d35m35.5s,-36d05m28.5s,28,21,26,0,,,10199.27
5,353d35m35.8s,-36d05m27.9s,28,26,27,0,,,10199.24
6,353d35m36.1s,-36d05m28.7s,28,26,27,0,,,10199.27
7,353d35m37.5s,-36d05m31.5s,53,32,46,20,,,10199.35
8,353d35m40.9s,-36d05m45.0s,79,58,72,-10,,,10199.80
9,353d35m41.5s,-36d05m48.8s,84,71,79,70,,,10199.94
10,353d35m42.5s,-36d05m15.5s,132,114,126,20,,,10198.61
11,353d35m44.2s,-36d05m24.7s,61,24,49,-20,,,10198.94
12,353d35m44.2s,-36d05m34.2s,26,19,23,-90,,,10199.31
13,353d35m45.6s,-36d05m39.6s,89,66,82,-50,,,10199.49
14,353d35m46.0s,-36d05m34.2s,64,53,60,-90,,,10199.27
15,353d35m46.9s,-36d05m38.0s,28,28,28,0,,,10199.40
16,353d35m47.5s,-36d05m37.5s,32,19,28,0,,,10199.36
17,353d35m47.6s,-36d06m17.0s,22,18,21,0,,,10200.91
18,353d35m47.8s,-36d05m39.9s,30,30,30,0,,,10199.45
19,353d35m48.4s,-36d05m26.5s,32,30,31,0,,,10198.91
20,353d35m49.6s,-36d06m17.3s,74,74,74,0,,,10200.88
21,353d35m50.8s,-36d05m38.7s,74,25,57,-10,,,10199.34
22,353d35m52.1s,-36d05m59.2s,169,159,166,0,,,10200.11
23,353d35m53.8s,-36d05m22.0s,74,46,64,0,,,10198.62
24,353d35m54.2s,-36d06m38.3s,260,165,229,-80,,,10201.60
25,353d35m54.3s,-36d06m12.5s,226,122,191,-10,,,10200.59
26,353d35m54.4s,-36d06m16.7s,132,132,132,0,,,10200.75
27,353d35m55.1s,-36d06m8.1s,116,61,98,-20,,,10200.40
28,353d35m55.4s,-36d06m5.7s,101,75,93,80,,,10200.30
29,353d35m55.5s,-36d05m36.1s,23,20,22,0,,,10199.13
30,353d35m55.6s,-36d05m8.4s,183,168,178,0,,,10198.04
31,353d35m55.8s,-36d05m19.9s,40,32,37,0,,,10198.49
32,353d35m56.5s,-36d05m38.9s,190,69,150,45,,,10199.22
33,353d35m56.8s,-36d05m38.8s,122,0,81,0,,,10199.21
34,353d35m56.9s,-36d05m20.2s,21,16,19,0,,,10198.48
35,353d35m56.9s,-36d05m36.9s,28,20,25,0,,,10199.13
36,353d35m57.0s,-36d06m23.0s,91,73,85,-20,,,10200.94
37,353d35m57.2s,-36d05m56.6s,53,30,45,0,,,10199.90
38,353d35m58.3s,-36d05m18.8s,43,33,40,-90,,,10198.39
39,353d35m58.3s,-36d05m37.8s,30,28,30,0,,,10199.14
40,353d35m58.6s,-36d06m19.0s,53,26,44,60,,,10200.75
41,353d35m58.6s,-36d06m16.9s,51,44,49,0,,,10200.67
42,353d35m58.8s,-36d05m56.5s,38,17,31,20,,,10199.86
43,353d35m59.0s,-36d06m43.7s,201,155,186,-90,,,10201.71
44,353d35m59.1s,-36d06m30.9s,111,90,104,-20,,,10201.20
45,353d35m59.7s,-36d06m9.4s,31,26,29,0,,,10200.35
46,353d35m59.8s,-36d06m33.6s,254,124,211,-20,,,10201.30
47,353d36m0.2s,-36d05m20.7s,27,16,23,-90,,,10198.42
48,353d36m0.3s,-36d06m22.1s,119,73,104,10,,,10200.83
49,353d36m0.5s,-36d05m40.0s,55,46,52,-90,,,10199.18
50,353d36m0.8s,-36d06m18.2s,87,70,82,0,,,10200.67
51,353d36m0.9s,-36d06m16.2s,77,74,76,0,,,10200.59
52,353d36m1.0s,-36d05m23.0s,50,31,43,15,,,10198.50
53,353d36m1.2s,-36d06m28.7s,111,90,104,-70,,,10201.07
54,353d36m1.3s,-36d06m8.8s,66,36,56,-60,,,10200.29
55,353d36m1.5s,-36d05m59.1s,90,53,78,-20,,,10199.90
56,353d36m1.7s,-36d05m21.6s,92,51,78,0,,,10198.43
57,353d36m1.7s,-36d06m13.3s,23,17,21,20,,,10200.46
58,353d36m2.0s,-36d05m30.4s,34,18,28,0,,,10198.77
59,353d36m2.2s,-36d06m14.7s,32,23,29,0,,,10200.50
60,353d36m2.4s,-36d05m17.5s,43,43,43,0,,,10198.25
61,353d36m3.1s,-36d06m15.5s,26,23,25,-90,,,10200.51
62,353d36m3.6s,-36d05m56.0s,15,8,13,0,,,10199.74
63,353d36m3.7s,-36d06m7.9s,87,77,83,0,,,10200.20
64,353d36m3.9s,-36d05m44.5s,69,64,67,-90,,,10199.28
65,353d36m3.9s,-36d05m56.5s,8,8,8,0,,,10199.75
66,353d36m3.9s,-36d06m12.0s,66,26,53,-20,,,10200.36
67,353d36m4.2s,-36d06m6.4s,79,58,72,10,,,10200.13
68,353d36m4.3s,-36d05m57.7s,13,11,12,-90,,,10199.79
69,353d36m4.3s,-36d06m26.7s,101,46,82,70,,,10200.93
70,353d36m4.7s,-36d07m1.5s,75,40,63,50,,,10202.28
71,353d36m4.8s,-36d06m15.7s,36,28,33,0,,,10200.48
72,353d36m5.8s,-36d06m7.1s,28,23,26,0,,,10200.13
73,353d36m5.8s,-36d05m21.2s,28,0,19,0,,,10198.32
74,353d36m5.8s,-36d05m21.3s,31,26,29,0,,,10198.33
75,353d36m5.9s,-36d05m46.7s,51,51,51,0,,,10199.32
76,353d36m5.9s,-36d06m15.9s,72,38,61,-60,,,10200.47
77,353d36m6.1s,-36d05m39.6s,62,58,61,-90,,,10199.04
78,353d36m6.2s,-36d06m11.9s,50,21,40,0,,,10200.31
79,353d36m6.5s,-36d06m10.0s,53,30,45,-50,,,10200.22
80,353d36m6.5s,-36d05m57.6s,30,23,28,-40,,,10199.74
81,353d36m6.8s,-36d05m45.3s,66,49,60,-90,,,10199.25
82,353d36m6.8s,-36d06m52.6s,59,40,53,-80,,,10201.89
83,353d36m7.0s,-36d05m18.5s,35,30,33,-90,,,10198.19
84,353d36m7.1s,-36d06m2.3s,85,53,74,-10,,,10199.91
85,353d36m7.2s,-36d05m56.2s,28,23,26,0,,,10199.67
86,353d36m7.3s,-36d05m54.6s,32,32,32,0,,,10199.60
87,353d36m7.3s,-36d06m10.8s,80,37,65,10,,,10200.24
88,353d36m7.3s,-36d05m20.0s,58,37,51,-90,,,10198.24
89,353d36m8.1s,-36d06m5.8s,12,12,12,0,,,10200.02
90,353d36m8.2s,-36d06m49.2s,79,51,70,-30,,,10201.72
91,353d36m8.4s,-36d06m6.3s,40,21,33,0,,,10200.03
92,353d36m8.4s,-36d06m11.8s,20,16,18,0,,,10200.25
93,353d36m9.0s,-36d06m27.5s,66,40,57,-70,,,10200.86
94,353d36m9.1s,-36d06m39.2s,110,55,91,-30,,,10201.31
95,353d36m9.1s,-36d06m4.5s,68,62,66,0,,,10199.95
96,353d36m9.2s,-36d06m42.5s,89,82,87,0,,,10201.44
97,353d36m9.2s,-36d06m17.7s,19,19,19,0,,,10200.47
98,353d36m9.4s,-36d06m21.5s,79,79,79,0,,,10200.61
99,353d36m9.6s,-36d06m17.2s,64,57,62,0,,,10200.44
100,353d36m9.7s,-36d06m35.3s,39,28,35,-90,,,10201.15
101,353d36m9.9s,-36d05m44.2s,26,26,26,0,,,10199.14
102,353d36m10.1s,-36d05m37.0s,192,165,183,0,,,10198.85
103,353d36m10.4s,-36d06m23.6s,62,53,59,-90,,,10200.67
104,353d36m10.4s,-36d06m7.1s,62,44,56,0,,,10200.02
105,353d36m10.5s,-36d05m44.5s,26,17,23,10,,,10199.14
106,353d36m10.6s,-36d06m10.2s,21,20,21,0,,,10200.14
107,353d36m10.6s,-36d07m5.1s,93,84,90,0,,,10202.30
108,353d36m10.6s,-36d05m58.1s,84,71,80,0,,,10199.67
109,353d36m10.9s,-36d06m18.0s,30,28,29,0,,,10200.44
110,353d36m11.3s,-36d06m34.5s,28,28,28,0,,,10201.08
111,353d36m11.4s,-36d05m49.6s,175,76,142,60,,,10199.32
112,353d36m11.8s,-36d06m34.9s,30,28,30,-90,,,10201.08
113,353d36m11.8s,-36d06m33.1s,28,27,28,-90,,,10201.01
114,353d36m11.8s,-36d06m30.8s,18,12,16,0,,,10200.92
115,353d36m12.0s,-36d06m19.0s,36,34,35,0,,,10200.45
116,353d36m12.0s,-36d06m30.0s,35,23,31,-90,,,10200.89
117,353d36m12.4s,-36d05m20.6s,51,25,43,0,,,10198.16
118,353d36m12.5s,-36d06m27.5s,26,26,26,0,,,10200.78
119,353d36m12.5s,-36d06m32.4s,23,23,23,0,,,10200.97
120,353d36m12.7s,-36d06m9.4s,34,30,33,0,,,10200.06
121,353d36m12.9s,-36d05m44.1s,23,17,21,-90,,,10199.07
122,353d36m12.9s,-36d06m14.0s,154,57,122,-50,,,10200.24
123,353d36m13.2s,-36d06m6.8s,75,53,68,80,,,10199.95
124,353d36m13.3s,-36d06m31.7s,27,11,21,-50,,,10200.93
125,353d36m13.4s,-36d06m26.2s,53,32,46,-90,,,10200.71
126,353d36m13.5s,-36d06m27.4s,28,28,28,0,,,10200.75
127,353d36m13.5s,-36d06m27.0s,49,23,40,0,,,10200.73
128,353d36m13.6s,-36d05m43.5s,55,28,46,0,,,10199.03
129,353d36m14.1s,-36d06m33.0s,41,28,37,-90,,,10200.96
130,353d36m14.1s,-36d06m30.8s,30,26,28,0,,,10200.87
131,353d36m14.6s,-36d06m17.3s,77,72,75,0,,,10200.33
132,353d36m14.7s,-36d05m27.8s,108,90,102,10,,,10198.39
133,353d36m14.9s,-36d06m24.0s,45,19,36,50,,,10200.59
134,353d36m15.0s,-36d06m31.6s,14,12,14,-90,,,10200.89
135,353d36m15.0s,-36d06m31.1s,12,9,11,0,,,10200.86
136,353d36m15.1s,-36d06m11.0s,62,35,53,0,,,10200.07
137,353d36m15.1s,-36d06m33.2s,28,26,27,-90,,,10200.94
138,353d36m15.2s,-36d06m33.9s,31,26,29,0,,,10200.97
139,353d36m15.4s,-36d06m7.4s,24,19,22,0,,,10199.93
140,353d36m15.6s,-36d06m15.1s,79,53,71,-50,,,10200.23
141,353d36m15.7s,-36d06m34.4s,20,18,20,-90,,,10200.98
142,353d36m15.9s,-36d06m35.2s,20,15,19,0,,,10201.00
143,353d36m16.0s,-36d05m17.5s,58,52,56,-90,,,10197.95
144,353d36m16.2s,-36d06m39.9s,57,32,49,40,,,10201.18
145,353d36m16.9s,-36d05m20.3s,15,12,14,0,,,10198.05
146,353d36m16.9s,-36d06m36.1s,57,26,47,-80,,,10201.02
147,353d36m17.7s,-36d05m21.3s,38,25,34,0,,,10198.07
148,353d36m18.1s,-36d06m8.2s,59,36,52,-40,,,10199.90
149,353d36m18.2s,-36d06m16.4s,36,32,35,-90,,,10200.22
150,353d36m18.3s,-36d06m33.0s,27,20,24,-90,,,10200.87
151,353d36m18.6s,-36d06m11.3s,46,31,41,0,,,10200.01
152,353d36m18.7s,-36d06m2.4s,183,145,170,-90,,,10199.66
153,353d36m19.1s,-36d05m16.8s,18,13,16,-10,,,10197.86
154,353d36m19.2s,-36d05m55.2s,297,71,222,-10,,,10199.36
155,353d36m19.3s,-36d05m47.7s,126,124,125,0,,,10199.07
156,353d36m19.5s,-36d06m51.7s,188,91,156,60,,,10201.58
157,353d36m19.5s,-36d06m39.2s,110,51,91,70,,,10201.08
158,353d36m19.9s,-36d05m17.4s,35,19,30,-10,,,10197.86
159,353d36m20.0s,-36d06m28.3s,48,46,48,0,,,10200.65
160,353d36m20.3s,-36d05m16.4s,19,16,18,-90,,,10197.82
161,353d36m20.4s,-36d06m12.6s,79,74,77,0,,,10200.02
162,353d36m20.6s,-36d06m25.7s,103,103,103,0,,,10200.53
163,353d36m20.7s,-36d06m20.7s,101,85,95,-90,,,10200.33
164,353d36m21.1s,-36d05m21.7s,41,37,40,-20,,,10198.01
165,353d36m21.2s,-36d05m39.8s,30,28,30,0,,,10198.72
166,353d36m21.4s,-36d05m16.5s,15,13,14,0,,,10197.79
167,353d36m21.5s,-36d06m31.6s,26,26,26,0,,,10200.74
168,353d36m21.8s,-36d05m58.1s,42,39,41,0,,,10199.42
169,353d36m21.8s,-36d06m23.7s,96,96,96,0,,,10200.42
170,353d36m21.9s,-36d05m31.4s,56,54,55,-90,,,10198.37
171,353d36m21.9s,-36d06m30.5s,23,21,23,0,,,10200.69
172,353d36m22.3s,-36d06m28.9s,13,13,13,0,,,10200.62
173,353d36m22.4s,-36d06m15.8s,18,10,15,-90,,,10200.10
174,353d36m22.5s,-36d06m30.0s,38,19,32,-20,,,10200.66
175,353d36m22.5s,-36d05m40.1s,28,27,28,-90,,,10198.70
176,353d36m22.7s,-36d06m18.1s,118,92,109,0,,,10200.18
177,353d36m22.7s,-36d06m14.8s,23,15,20,0,,,10200.06
178,353d36m22.8s,-36d06m59.0s,61,43,55,-30,,,10201.79
179,353d36m23.0s,-36d05m58.2s,36,17,30,-90,,,10199.40
180,353d36m23.1s,-36d05m57.5s,15,12,14,-90,,,10199.37
181,353d36m23.1s,-36d06m37.4s,35,35,35,0,,,10200.93
182,353d36m23.3s,-36d06m29.4s,23,21,23,0,,,10200.62
183,353d36m23.3s,-36d05m19.2s,18,13,16,0,,,10197.86
184,353d36m23.7s,-36d05m19.6s,27,21,25,0,,,10197.87
185,353d36m23.7s,-36d05m33.8s,66,49,60,20,,,10198.42
186,353d36m23.8s,-36d06m38.1s,20,20,20,0,,,10200.94
187,353d36m24.0s,-36d05m33.0s,38,36,37,0,,,10198.39
188,353d36m24.4s,-36d06m7.5s,45,32,40,20,,,10199.73
189,353d36m24.6s,-36d05m22.2s,66,49,61,20,,,10197.95
190,353d36m24.9s,-36d05m47.9s,54,34,48,0,,,10198.95
191,353d36m24.9s,-36d05m51.7s,18,15,17,0,,,10199.10
192,353d36m25.0s,-36d06m25.1s,36,30,34,0,,,10200.41
193,353d36m25.0s,-36d05m51.1s,26,18,23,-90,,,10199.08
194,353d36m25.1s,-36d05m26.6s,85,63,78,-90,,,10198.11
195,353d36m25.2s,-36d06m11.0s,137,82,119,0,,,10199.85
196,353d36m25.2s,-36d06m20.9s,51,44,49,0,,,10200.24
197,353d36m25.3s,-36d06m19.5s,55,44,51,0,,,10200.18
198,353d36m25.6s,-36d06m23.4s,85,59,76,-90,,,10200.33
199,353d36m25.6s,-36d06m0.6s,66,35,56,0,,,10199.44
200,353d36m25.7s,-36d05m14.8s,40,22,34,0,,,10197.63
201,353d36m26.1s,-36d05m51.6s,48,33,43,-90,,,10199.07
202,353d36m26.2s,-36d06m5.3s,95,65,85,30,,,10199.60
203,353d36m26.3s,-36d06m45.3s,62,57,60,-90,,,10201.17
204,353d36m26.3s,-36d06m42.9s,49,40,46,-90,,,10201.08
205,353d36m26.5s,-36d05m44.3s,134,76,115,0,,,10198.78
206,353d36m26.6s,-36d05m38.3s,259,145,221,20,,,10198.54
207,353d36m26.7s,-36d06m24.9s,26,26,26,0,,,10200.37
208,353d36m27.0s,-36d06m8.5s,41,41,41,0,,,10199.72
209,353d36m27.0s,-36d05m49.5s,20,15,19,-90,,,10198.97
210,353d36m27.2s,-36d06m7.8s,30,27,29,0,,,10199.68
211,353d36m27.2s,-36d05m13.9s,38,22,33,0,,,10197.57
212,353d36m27.4s,-36d05m51.0s,51,38,47,-20,,,10199.02
213,353d36m27.6s,-36d06m32.3s,219,174,204,80,,,10200.63
214,353d36m27.8s,-36d05m24.6s,41,30,37,-10,,,10197.98
215,353d36m27.8s,-36d06m50.5s,176,88,147,0,,,10201.35
216,353d36m27.9s,-36d06m44.4s,26,26,26,0,,,10201.10
217,353d36m28.0s,-36d05m52.5s,26,20,24,0,,,10199.06
218,353d36m28.1s,-36d05m21.1s,25,16,22,30,,,10197.83
219,353d36m28.2s,-36d06m7.5s,28,15,24,-30,,,10199.65
220,353d36m28.2s,-36d05m19.9s,39,35,38,-90,,,10197.78
221,353d36m28.2s,-36d05m22.9s,40,28,36,80,,,10197.90
222,353d36m28.4s,-36d06m41.3s,17,15,16,-90,,,10200.97
223,353d36m28.5s,-36d05m50.4s,28,21,26,0,,,10198.97
224,353d36m28.5s,-36d05m34.5s,38,36,38,30,,,10198.35
225,353d36m28.5s,-36d05m49.0s,17,14,16,0,,,10198.92
226,353d36m28.5s,-36d05m35.1s,85,30,67,25,,,10198.37
227,353d36m28.7s,-36d05m56.2s,43,30,39,30,,,10199.20
228,353d36m28.8s,-36d06m38.1s,87,68,81,-90,,,10200.84
229,353d36m28.8s,-36d06m2.2s,160,160,160,0,,,10199.43
230,353d36m29.0s,-36d05m41.7s,47,45,46,0,,,10198.62
231,353d36m29.4s,-36d06m18.5s,26,17,23,0,,,10200.06
232,353d36m29.8s,-36d05m22.2s,28,19,25,-70,,,10197.83
233,353d36m29.9s,-36d06m41.3s,61,43,55,20,,,10200.94
234,353d36m30.1s,-36d05m47.5s,12,12,12,0,,,10198.82
235,353d36m30.2s,-36d06m27.4s,0,0,0,0,,,10200.39
236,353d36m30.2s,-36d06m45.1s,44,35,41,0,,,10201.08
237,353d36m30.3s,-36d06m14.3s,70,45,62,-60,,,10199.87
238,353d36m30.4s,-36d06m27.9s,34,28,32,-60,,,10200.40
239,353d36m30.5s,-36d05m31.4s,33,27,31,50,,,10198.18
240,353d36m30.5s,-36d06m26.3s,32,26,30,0,,,10200.34
241,353d36m30.5s,-36d05m22.9s,35,27,32,80,,,10197.85
242,353d36m30.7s,-36d05m47.3s,12,11,12,0,,,10198.80
243,353d36m30.7s,-36d06m26.9s,26,21,24,0,,,10200.36
244,353d36m31.0s,-36d06m28.8s,34,23,30,-90,,,10200.42
245,353d36m31.1s,-36d05m47.3s,17,17,17,0,,,10198.79
246,353d36m31.1s,-36d05m27.2s,112,100,108,-90,,,10198.00
247,353d36m31.3s,-36d05m28.3s,47,31,42,-70,,,10198.04
248,353d36m31.5s,-36d06m9.7s,38,30,35,-90,,,10199.66
249,353d36m31.5s,-36d05m3.9s,424,418,422,-90,,,10197.08
250,353d36m31.6s,-36d06m19.3s,77,38,64,-75,,,10200.04
251,353d36m31.6s,-36d05m54.7s,12,12,12,0,,,10199.07
252,353d36m31.7s,-36d05m48.7s,58,44,53,60,,,10198.84
253,353d36m31.9s,-36d06m22.5s,49,44,47,-90,,,10200.16
254,353d36m31.9s,-36d06m17.3s,69,48,62,-90,,,10199.95
255,353d36m32.0s,-36d06m10.2s,46,41,44,0,,,10199.67
256,353d36m32.1s,-36d06m11.1s,16,12,15,0,,,10199.70
257,353d36m32.1s,-36d05m47.5s,14,12,13,-90,,,10198.78
258,353d36m32.3s,-36d06m0.9s,57,57,57,0,,,10199.30
259,353d36m32.4s,-36d06m35.9s,49,44,47,0,,,10200.67
260,353d36m32.5s,-36d05m56.7s,124,91,113,0,,,10199.13
261,353d36m32.7s,-36d05m40.1s,49,46,48,-90,,,10198.48
262,353d36m32.7s,-36d06m25.1s,17,17,17,0,,,10200.24
263,353d36m32.7s,-36d05m54.5s,26,18,23,70,,,10199.04
264,353d36m32.7s,-36d06m24.6s,15,8,13,0,,,10200.22
265,353d36m33.0s,-36d06m8.8s,59,50,56,0,,,10199.60
266,353d36m33.0s,-36d06m22.2s,69,42,60,-90,,,10200.12
267,353d36m33.1s,-36d05m49.8s,18,12,16,20,,,10198.85
268,353d36m33.1s,-36d05m23.3s,37,35,37,-90,,,10197.81
269,353d36m33.3s,-36d06m29.3s,53,43,50,-90,,,10200.39
270,353d36m33.3s,-36d05m46.7s,16,10,14,0,,,10198.72
271,353d36m33.6s,-36d05m16.1s,43,43,43,0,,,10197.51
272,353d36m33.7s,-36d06m42.1s,38,28,35,70,,,10200.89
273,353d36m33.9s,-36d06m4.0s,20,12,17,-80,,,10199.39
274,353d36m33.9s,-36d06m6.5s,26,23,25,-90,,,10199.49
275,353d36m33.9s,-36d05m46.2s,37,25,33,0,,,10198.69
276,353d36m34.0s,-36d06m36.9s,31,13,25,-70,,,10200.68
277,353d36m34.1s,-36d06m40.6s,34,30,33,0,,,10200.82
278,353d36m34.1s,-36d06m2.6s,28,15,24,-30,,,10199.33
279,353d36m34.2s,-36d06m25.3s,28,21,26,-90,,,10200.21
280,353d36m34.3s,-36d06m31.2s,49,28,42,-90,,,10200.44
281,353d36m34.4s,-36d05m45.6s,20,11,17,0,,,10198.65
282,353d36m34.6s,-36d05m29.8s,137,130,135,-90,,,10198.03
283,353d36m34.6s,-36d05m46.8s,23,16,21,0,,,10198.70
284,353d36m34.9s,-36d06m26.7s,96,56,83,-15,,,10200.25
285,353d36m34.9s,-36d06m30.3s,61,22,48,-40,,,10200.40
286,353d36m35.0s,-36d05m47.5s,22,17,20,-90,,,10198.72
287,353d36m35.0s,-36d06m4.6s,18,15,17,-90,,,10199.38
288,353d36m35.1s,-36d05m24.0s,28,28,28,0,,,10197.79
289,353d36m35.1s,-36d06m41.7s,43,30,38,-60,,,10200.84
290,353d36m35.2s,-36d06m24.1s,25,24,25,0,,,10200.15
291,353d36m35.2s,-36d06m13.3s,30,21,27,30,,,10199.72
292,353d36m35.3s,-36d05m51.9s,71,22,54,-15,,,10198.88
293,353d36m35.4s,-36d04m56.1s,67,61,65,0,,,10196.69
294,353d36m35.5s,-36d05m59.8s,59,49,56,-90,,,10199.19
295,353d36m35.8s,-36d06m26.9s,55,51,54,0,,,10200.24
296,353d36m35.9s,-36d06m38.7s,60,57,59,0,,,10200.70
297,353d36m35.9s,-36d06m4.1s,16,12,15,-70,,,10199.35
298,353d36m35.9s,-36d05m15.0s,21,13,18,35,,,10197.42
299,353d36m36.0s,-36d05m53.4s,59,20,46,-30,,,10198.92
300,353d36m36.2s,-36d05m45.0s,70,28,56,20,,,10198.59
301,353d36m36.2s,-36d06m13.2s,32,19,28,-90,,,10199.70
302,353d36m36.3s,-36d06m25.4s,17,17,17,10,,,10200.17
303,353d36m36.4s,-36d04m52.9s,33,29,32,-20,,,10196.54
304,353d36m36.4s,-36d06m11.3s,57,33,49,0,,,10199.62
305,353d36m36.5s,-36d05m38.3s,43,28,38,0,,,10198.32
306,353d36m36.5s,-36d05m14.1s,13,10,12,20,,,10197.37
307,353d36m36.5s,-36d05m55.0s,26,17,23,0,,,10198.98
308,353d36m36.5s,-36d06m2.9s,34,25,31,-60,,,10199.29
309,353d36m36.7s,-36d06m5.5s,39,39,39,0,,,10199.38
310,353d36m37.0s,-36d06m8.1s,53,34,47,0,,,10199.48
311,353d36m37.2s,-36d06m27.4s,19,15,18,0,,,10200.23
312,353d36m37.2s,-36d05m47.1s,39,38,39,-90,,,10198.65
313,353d36m37.2s,-36d06m33.3s,23,21,22,-90,,,10200.47
314,353d36m37.3s,-36d06m7.6s,21,11,18,0,,,10199.45
315,353d36m37.3s,-36d06m31.8s,34,32,33,-90,,,10200.40
316,353d36m37.4s,-36d05m13.6s,12,9,11,0,,,10197.33
317,353d36m37.4s,-36d05m12.6s,7,6,7,0,,,10197.29
318,353d36m37.4s,-36d06m3.8s,22,15,20,-60,,,10199.30
319,353d36m37.5s,-36d05m56.6s,48,47,48,0,,,10199.02
320,353d36m37.5s,-36d05m12.9s,21,13,18,-10,,,10197.30
321,353d36m37.8s,-36d06m41.0s,45,28,39,-80,,,10200.75
322,353d36m37.8s,-36d06m25.5s,34,16,28,-90,,,10200.14
323,353d36m37.9s,-36d05m39.5s,67,61,65,0,,,10198.34
324,353d36m37.9s,-36d06m17.9s,40,26,35,80,,,10199.84
325,353d36m37.9s,-36d06m57.4s,71,31,57,-70,,,10201.39
326,353d36m38.0s,-36d06m5.4s,31,15,25,0,,,10199.35
327,353d36m38.0s,-36d06m7.5s,22,12,19,0,,,10199.44
328,353d36m38.2s,-36d05m33.1s,156,130,147,-90,,,10198.08
329,353d36m38.3s,-36d05m38.0s,31,31,31,0,,,10198.27
330,353d36m38.3s,-36d06m24.2s,34,21,30,-90,,,10200.08
331,353d36m38.4s,-36d06m32.4s,28,23,27,-90,,,10200.40
332,353d36m38.4s,-36d05m14.6s,47,25,40,35,,,10197.35
333,353d36m38.6s,-36d05m46.2s,42,22,35,0,,,10198.58
334,353d36m38.7s,-36d05m57.4s,22,17,20,0,,,10199.02
335,353d36m38.9s,-36d06m4.9s,26,14,22,20,,,10199.31
336,353d36m38.9s,-36d05m49.4s,56,42,52,80,,,10198.71
337,353d36m39.1s,-36d06m10.9s,27,23,26,-50,,,10199.55
338,353d36m39.2s,-36d05m20.3s,568,203,446,28,,,10197.56
339,353d36m39.3s,-36d05m57.0s,33,26,31,-90,,,10198.99
340,353d36m39.4s,-36d06m9.9s,28,19,25,-90,,,10199.50
341,353d36m39.5s,-36d05m52.3s,64,46,58,-10,,,10198.80
342,353d36m39.5s,-36d05m40.7s,98,52,83,0,,,10198.35
343,353d36m39.5s,-36d06m3.3s,22,18,21,0,,,10199.24
344,353d36m39.6s,-36d06m19.3s,38,26,34,-20,,,10199.86
345,353d36m39.7s,-36d05m42.0s,46,28,40,0,,,10198.40
346,353d36m39.8s,-36d06m6.1s,26,15,22,0,,,10199.34
347,353d36m39.9s,-36d07m0.7s,128,84,113,-40,,,10201.48
348,353d36m39.9s,-36d06m4.3s,20,16,19,-70,,,10199.27
349,353d36m40.0s,-36d06m41.1s,51,32,45,-80,,,10200.71
350,353d36m40.0s,-36d05m29.0s,49,46,48,0,,,10197.88
351,353d36m40.1s,-36d05m46.3s,23,15,21,10,,,10198.56
352,353d36m40.1s,-36d06m2.9s,17,15,16,-80,,,10199.21
353,353d36m40.2s,-36d05m59.3s,0,0,0,0,,,10199.06
354,353d36m40.3s,-36d06m26.6s,79,75,78,0,,,10200.14
355,353d36m40.3s,-36d05m5.0s,119,119,119,0,,,10196.93
356,353d36m40.6s,-36d06m1.2s,43,28,38,70,,,10199.13
357,353d36m40.6s,-36d05m53.7s,38,37,38,0,,,10198.84
358,353d36m40.7s,-36d05m48.2s,41,26,36,0,,,10198.62
359,353d36m41.0s,-36d04m57.8s,58,55,57,0,,,10196.64
360,353d36m41.0s,-36d06m15.6s,45,43,44,-90,,,10199.68
361,353d36m41.1s,-36d06m5.1s,31,18,26,-60,,,10199.27
362,353d36m41.3s,-36d05m14.9s,13,10,12,0,,,10197.30
363,353d36m41.4s,-36d06m14.8s,49,43,47,0,,,10199.65
364,353d36m41.5s,-36d06m12.1s,26,17,23,-80,,,10199.54
365,353d36m41.6s,-36d06m37.6s,183,119,162,20,,,10200.54
366,353d36m42.1s,-36d05m56.6s,85,85,85,0,,,10198.92
367,353d36m42.1s,-36d06m7.3s,27,18,24,-90,,,10199.34
368,353d36m42.2s,-36d05m35.0s,153,95,134,85,,,10198.07
369,353d36m42.3s,-36d05m30.5s,53,37,48,40,,,10197.89
370,353d36m42.3s,-36d06m16.4s,32,32,32,0,,,10199.69
371,353d36m42.4s,-36d06m19.5s,28,19,25,0,,,10199.81
372,353d36m42.5s,-36d05m59.8s,82,25,63,10,,,10199.04
373,353d36m42.5s,-36d05m53.1s,31,28,30,-90,,,10198.77
374,353d36m42.6s,-36d06m44.4s,71,22,54,0,,,10200.78
375,353d36m42.6s,-36d06m3.3s,27,23,26,-60,,,10199.17
376,353d36m42.7s,-36d06m41.8s,62,32,52,20,,,10200.68
377,353d36m42.9s,-36d06m22.3s,45,45,45,0,,,10199.91
378,353d36m43.0s,-36d05m48.2s,51,30,44,10,,,10198.57
379,353d36m43.2s,-36d05m52.6s,16,15,16,0,,,10198.73
380,353d36m43.3s,-36d06m5.8s,65,28,53,-60,,,10199.25
381,353d36m43.6s,-36d06m24.7s,64,40,56,0,,,10199.99
382,353d36m43.6s,-36d05m58.2s,20,20,20,0,,,10198.95
383,353d36m43.7s,-36d05m16.4s,10,9,10,0,,,10197.30
384,353d36m44.1s,-36d05m51.1s,22,20,21,0,,,10198.66
385,353d36m44.2s,-36d06m9.6s,72,69,71,0,,,10199.38
386,353d36m44.6s,-36d06m35.7s,58,41,53,20,,,10200.40
387,353d36m44.6s,-36d06m17.8s,36,23,32,50,,,10199.70
388,353d36m44.6s,-36d06m4.4s,70,44,61,-80,,,10199.17
389,353d36m44.7s,-36d05m44.3s,26,22,24,0,,,10198.38
390,353d36m44.7s,-36d05m39.6s,114,51,93,-45,,,10198.19
391,353d36m44.7s,-36d06m11.3s,51,47,50,-90,,,10199.44
392,353d36m44.8s,-36d05m53.4s,22,16,20,0,,,10198.73
393,353d36m44.8s,-36d05m45.0s,74,44,64,0,,,10198.40
394,353d36m44.9s,-36d06m6.9s,64,26,51,0,,,10199.26
395,353d36m45.0s,-36d06m3.3s,28,21,26,50,,,10199.11
396,353d36m45.1s,-36d05m28.9s,37,28,34,40,,,10197.77
397,353d36m45.3s,-36d06m8.3s,38,34,37,0,,,10199.31
398,353d36m45.5s,-36d05m17.8s,27,25,26,0,,,10197.32
399,353d36m45.5s,-36d06m20.9s,62,57,60,-90,,,10199.79
400,353d36m45.9s,-36d05m50.9s,28,18,25,0,,,10198.61
401,353d36m46.0s,-36d05m53.2s,22,15,20,0,,,10198.70
402,353d36m46.0s,-36d06m15.9s,60,55,58,0,,,10199.59
403,353d36m46.1s,-36d05m54.2s,21,14,18,10,,,10198.73
404,353d36m46.3s,-36d05m56.5s,74,53,67,80,,,10198.82
405,353d36m46.4s,-36d06m33.3s,105,67,92,40,,,10200.26
406,353d36m46.7s,-36d06m45.7s,89,57,78,60,,,10200.74
407,353d36m47.0s,-36d06m2.1s,40,30,37,-80,,,10199.02
408,353d36m47.2s,-36d05m31.7s,43,43,43,-70,,,10197.83
409,353d36m47.3s,-36d05m53.9s,20,18,19,-90,,,10198.70
410,353d36m47.4s,-36d06m1.5s,39,24,34,-80,,,10198.99
411,353d36m47.4s,-36d06m20.1s,49,49,49,0,,,10199.72
412,353d36m47.4s,-36d06m24.1s,108,42,86,10,,,10199.88
413,353d36m47.6s,-36d05m45.1s,52,15,40,10,,,10198.34
414,353d36m47.7s,-36d06m35.1s,89,87,88,30,,,10200.31
415,353d36m48.1s,-36d06m36.9s,87,46,73,60,,,10200.37
416,353d36m48.1s,-36d06m11.4s,42,42,42,0,,,10199.36
417,353d36m48.3s,-36d05m55.2s,23,17,21,-90,,,10198.73
418,353d36m48.4s,-36d05m38.6s,33,20,29,0,,,10198.07
419,353d36m48.5s,-36d05m41.9s,26,13,21,0,,,10198.20
420,353d36m48.5s,-36d05m27.5s,27,19,24,0,,,10197.64
421,353d36m48.8s,-36d05m56.8s,26,12,21,0,,,10198.78
422,353d36m48.9s,-36d06m21.3s,31,26,29,0,,,10199.74
423,353d36m48.9s,-36d06m39.0s,101,55,85,-50,,,10200.43
424,353d36m48.9s,-36d05m51.2s,16,11,14,20,,,10198.55
425,353d36m49.1s,-36d05m43.6s,55,33,48,-60,,,10198.25
426,353d36m49.2s,-36d06m5.1s,79,58,72,-50,,,10199.09
427,353d36m49.3s,-36d05m58.0s,21,12,18,40,,,10198.82
428,353d36m49.3s,-36d05m51.6s,27,20,25,0,,,10198.56
429,353d36m49.4s,-36d05m57.1s,26,14,22,0,,,10198.78
430,353d36m49.5s,-36d05m57.5s,17,11,15,0,,,10198.79
431,353d36m49.5s,-36d06m23.1s,72,17,54,10,,,10199.79
432,353d36m49.6s,-36d05m52.0s,16,15,16,0,,,10198.57
433,353d36m49.7s,-36d05m55.6s,29,21,26,50,,,10198.71
434,353d36m49.9s,-36d06m20.1s,57,26,47,0,,,10199.67
435,353d36m49.9s,-36d06m13.0s,63,58,62,-90,,,10199.39
436,353d36m50.1s,-36d05m20.7s,34,30,32,0,,,10197.33
437,353d36m50.2s,-36d05m54.6s,18,14,17,0,,,10198.66
438,353d36m50.3s,-36d06m16.7s,58,53,56,0,,,10199.53
439,353d36m50.3s,-36d05m52.9s,22,14,19,-50,,,10198.59
440,353d36m50.5s,-36d05m55.3s,21,17,20,-90,,,10198.68
441,353d36m50.7s,-36d06m4.5s,85,53,74,-10,,,10199.04
442,353d36m50.8s,-36d05m53.5s,17,16,17,0,,,10198.61
443,353d36m50.9s,-36d05m21.8s,30,28,29,0,,,10197.36
444,353d36m51.1s,-36d05m56.2s,41,15,32,20,,,10198.70
445,353d36m51.1s,-36d05m53.8s,11,10,11,0,,,10198.61
446,353d36m51.1s,-36d05m51.9s,22,20,21,0,,,10198.54
447,353d36m51.5s,-36d05m54.7s,18,17,18,-90,,,10198.63
448,353d36m51.5s,-36d05m53.5s,17,10,15,-90,,,10198.59
449,353d36m51.5s,-36d05m27.8s,75,38,63,85,,,10197.58
450,353d36m51.6s,-36d05m48.8s,90,69,83,-20,,,10198.40
451,353d36m51.6s,-36d05m29.1s,0,0,0,0,,,10197.63
452,353d36m51.6s,-36d05m27.5s,78,0,52,-90,,,10197.57
453,353d36m51.8s,-36d05m52.6s,7,5,7,-90,,,10198.55
454,353d36m51.9s,-36d05m51.4s,23,18,22,0,,,10198.50
455,353d36m51.9s,-36d05m54.2s,11,10,11,0,,,10198.61
456,353d36m52.0s,-36d05m52.7s,9,7,8,-90,,,10198.54
457,353d36m52.1s,-36d05m23.0s,22,15,20,-90,,,10197.38
458,353d36m52.1s,-36d05m40.0s,114,107,112,0,,,10198.05
459,353d36m52.2s,-36d05m44.3s,59,33,50,0,,,10198.21
460,353d36m52.4s,-36d05m46.4s,50,13,38,30,,,10198.29
461,353d36m52.5s,-36d05m52.8s,19,13,17,-70,,,10198.54
462,353d36m52.7s,-36d06m16.8s,138,79,118,-90,,,10199.48
463,353d36m52.7s,-36d06m2.8s,23,16,21,10,,,10198.93
464,353d36m52.9s,-36d06m0.2s,69,50,63,-80,,,10198.82
465,353d36m52.9s,-36d05m50.8s,18,18,18,0,,,10198.45
466,353d36m52.9s,-36d05m56.5s,60,43,55,80,,,10198.68
467,353d36m53.0s,-36d05m54.5s,26,22,25,0,,,10198.59
468,353d36m53.0s,-36d05m51.6s,25,22,24,-90,,,10198.48
469,353d36m53.5s,-36d06m29.4s,115,75,101,10,,,10199.95
470,353d36m53.6s,-36d05m50.8s,14,12,13,0,,,10198.44
471,353d36m53.7s,-36d06m8.7s,26,26,26,0,,,10199.14
472,353d36m53.7s,-36d05m51.2s,14,12,13,-90,,,10198.45
473,353d36m53.7s,-36d06m2.6s,38,28,35,0,,,10198.90
474,353d36m54.0s,-36d06m34.0s,77,74,76,0,,,10200.12
475,353d36m54.1s,-36d05m52.2s,18,15,17,-90,,,10198.48
476,353d36m54.1s,-36d05m53.4s,10,10,10,0,,,10198.53
477,353d36m54.1s,-36d06m36.5s,147,44,113,0,,,10200.22
478,353d36m54.3s,-36d06m3.3s,22,17,20,-90,,,10198.91
479,353d36m54.3s,-36d05m51.2s,10,9,9,-90,,,10198.44
480,353d36m54.4s,-36d06m7.1s,95,41,77,10,,,10199.06
481,353d36m54.5s,-36d06m1.9s,20,14,18,-90,,,10198.85
482,353d36m54.5s,-36d06m33.0s,71,50,64,0,,,10200.07
483,353d36m54.5s,-36d05m53.2s,16,11,14,0,,,10198.51
484,353d36m55.0s,-36d06m8.0s,51,21,41,0,,,10199.08
485,353d36m55.2s,-36d05m53.9s,18,17,18,0,,,10198.53
486,353d36m55.6s,-36d05m52.5s,52,28,44,50,,,10198.46
487,353d36m55.6s,-36d05m52.5s,52,28,44,50,,,10198.46
488,353d36m55.9s,-36d05m4.1s,190,114,165,20,,,10196.55
489,353d36m56.1s,-36d05m54.5s,26,20,24,-90,,,10198.53
490,353d36m56.2s,-36d06m6.5s,35,35,35,0,,,10199.00
491,353d36m56.7s,-36d06m1.8s,69,38,59,-90,,,10198.80
492,353d36m56.8s,-36d05m11.3s,103,88,98,0,,,10196.82
493,353d36m56.9s,-36d05m55.2s,27,14,23,0,,,10198.54
494,353d36m57.1s,-36d06m30.4s,28,23,27,0,,,10199.91
495,353d36m57.2s,-36d06m11.0s,44,31,40,0,,,10199.15
496,353d36m57.8s,-36d06m33.2s,22,18,21,0,,,10200.01
497,353d36m57.9s,-36d06m8.0s,23,20,22,0,,,10199.02
498,353d36m58.0s,-36d06m11.6s,57,40,51,-90,,,10199.16
499,353d36m58.0s,-36d05m55.5s,42,17,34,30,,,10198.52
500,353d36m58.4s,-36d05m53.4s,41,21,34,30,,,10198.44
501,353d36m58.4s,-36d05m50.8s,34,21,30,10,,,10198.33
502,353d36m58.5s,-36d06m36.7s,125,48,99,30,,,10200.13
503,353d36m58.5s,-36d06m7.6s,10,10,10,0,,,10198.99
504,353d36m58.6s,-36d06m6.1s,35,34,35,-90,,,10198.93
505,353d36m58.7s,-36d05m44.7s,107,81,98,70,,,10198.08
506,353d36m58.7s,-36d05m12.1s,103,88,98,0,,,10196.81
507,353d36m58.7s,-36d06m18.1s,114,89,106,-90,,,10199.39
508,353d36m59.0s,-36d06m14.3s,49,49,49,0,,,10199.24
509,353d36m59.2s,-36d05m49.7s,49,44,47,-90,,,10198.27
510,353d36m59.2s,-36d06m4.3s,67,67,67,0,,,10198.85
511,353d36m59.4s,-36d06m22.8s,111,42,88,-40,,,10199.57
512,353d36m59.5s,-36d06m1.5s,99,61,86,80,,,10198.73
513,353d36m59.5s,-36d05m33.7s,264,210,246,70,,,10197.64
514,353d36m59.8s,-36d05m53.1s,84,41,69,50,,,10198.39
515,353d37m0.3s,-36d06m6.1s,25,23,24,0,,,10198.89
516,353d37m0.7s,-36d06m4.3s,20,20,20,0,,,10198.81
517,353d37m1.3s,-36d06m6.7s,25,21,24,-90,,,10198.89
518,353d37m1.8s,-36d06m9.9s,123,75,107,-30,,,10199.01
519,353d37m2.0s,-36d05m22.3s,159,109,142,40,,,10197.13
520,353d37m2.0s,-36d06m6.5s,9,7,8,0,,,10198.87
521,353d37m2.1s,-36d06m12.6s,137,49,107,-20,,,10199.10
522,353d37m2.7s,-36d06m26.4s,163,57,127,60,,,10199.63
523,353d37m2.7s,-36d05m51.5s,52,28,44,0,,,10198.27
524,353d37m2.9s,-36d05m12.3s,55,26,45,40,,,10196.72
525,353d37m3.2s,-36d06m2.6s,48,48,48,0,,,10198.69
526,353d37m3.5s,-36d05m14.2s,55,55,55,0,,,10196.78
527,353d37m3.7s,-36d06m1.9s,84,33,67,30,,,10198.65
528,353d37m3.7s,-36d06m0.1s,41,41,41,0,,,10198.58
529,353d37m4.5s,-36d05m44.2s,92,77,87,-70,,,10197.94
530,353d37m4.9s,-36d05m7.7s,59,51,56,0,,,10196.50
531,353d37m4.9s,-36d06m5.1s,33,31,32,0,,,10198.75
532,353d37m4.9s,-36d05m55.7s,93,93,93,0,,,10198.38
533,353d37m4.9s,-36d05m48.5s,103,65,90,50,,,10198.10
534,353d37m6.5s,-36d06m25.7s,45,45,45,0,,,10199.53
535,353d37m6.9s,-36d05m46.3s,46,32,41,-90,,,10197.97
536,353d37m7.3s,-36d05m8.7s,70,48,62,0,,,10196.48
537,353d37m7.7s,-36d05m59.3s,13,13,13,0,,,10198.46
538,353d37m7.9s,-36d05m58.6s,33,23,30,20,,,10198.43
539,353d37m8.0s,-36d06m3.6s,85,74,81,0,,,10198.62
540,353d37m8.3s,-36d05m59.5s,10,8,9,-90,,,10198.46
541,353d37m8.5s,-36d05m55.8s,27,27,27,0,,,10198.31
542,353d37m8.5s,-36d06m27.6s,98,98,98,0,,,10199.55
543,353d37m8.8s,-36d05m54.2s,23,23,23,0,,,10198.24
544,353d37m8.9s,-36d05m10.3s,81,51,71,30,,,10196.51
545,353d37m9.2s,-36d05m54.6s,20,9,16,0,,,10198.25
546,353d37m9.4s,-36d05m52.1s,46,44,45,0,,,10198.14
547,353d37m9.6s,-36d05m5.7s,81,41,68,-20,,,10196.31
548,353d37m9.9s,-36d06m24.6s,66,40,57,30,,,10199.41
549,353d37m10.0s,-36d06m6.3s,48,37,44,0,,,10198.69
550,353d37m10.1s,-36d06m23.2s,97,53,82,40,,,10199.35
551,353d37m10.4s,-36d05m59.1s,79,53,71,50,,,10198.39
552,353d37m10.8s,-36d06m21.7s,57,49,54,0,,,10199.27
553,353d37m11.1s,-36d05m11.4s,65,47,59,30,,,10196.51
554,353d37m11.2s,-36d06m30.1s,27,23,25,0,,,10199.59
555,353d37m11.3s,-36d05m52.9s,12,12,12,0,,,10198.13
556,353d37m11.4s,-36d06m14.1s,97,49,81,-10,,,10198.96
557,353d37m11.5s,-36d05m45.5s,210,139,187,80,,,10197.83
558,353d37m11.6s,-36d05m55.6s,79,40,66,-40,,,10198.23
559,353d37m11.9s,-36d05m19.8s,298,154,250,30,,,10196.82
560,353d37m12.0s,-36d06m30.9s,55,52,54,30,,,10199.61
561,353d37m12.2s,-36d06m4.6s,48,37,44,-20,,,10198.57
562,353d37m12.4s,-36d05m16.1s,15,12,14,0,,,10196.66
563,353d37m12.7s,-36d05m52.7s,58,50,56,0,,,10198.09
564,353d37m12.8s,-36d05m13.1s,27,25,26,0,,,10196.54
565,353d37m13.1s,-36d05m16.3s,16,13,15,0,,,10196.66
566,353d37m13.1s,-36d06m14.7s,97,53,82,0,,,10198.95
567,353d37m13.4s,-36d05m25.6s,35,18,30,0,,,10197.01
568,353d37m13.5s,-36d05m41.4s,25,23,24,0,,,10197.63
569,353d37m13.6s,-36d06m40.7s,183,82,149,30,,,10199.96
570,353d37m13.6s,-36d05m24.7s,38,38,38,0,,,10196.97
571,353d37m14.2s,-36d05m57.5s,110,101,107,0,,,10198.25
572,353d37m14.2s,-36d05m42.5s,23,20,22,-90,,,10197.66
573,353d37m14.4s,-36d06m0.6s,71,69,71,0,,,10198.36
574,353d37m14.5s,-36d05m41.3s,21,21,21,0,,,10197.61
575,353d37m14.7s,-36d05m26.4s,55,35,48,0,,,10197.02
576,353d37m14.7s,-36d05m55.7s,38,31,36,0,,,10198.16
577,353d37m14.8s,-36d05m42.5s,11,11,11,0,,,10197.64
578,353d37m14.9s,-36d05m15.2s,31,19,27,-40,,,10196.58
579,353d37m14.9s,-36d05m17.3s,38,18,32,40,,,10196.66
580,353d37m15.5s,-36d05m25.9s,19,12,17,0,,,10196.98
581,353d37m15.6s,-36d06m4.2s,79,48,69,0,,,10198.48
582,353d37m15.7s,-36d06m33.6s,165,119,149,50,,,10199.63
583,353d37m16.1s,-36d05m51.4s,62,37,54,-60,,,10197.97
584,353d37m16.1s,-36d05m50.3s,23,14,20,-30,,,10197.93
585,353d37m16.1s,-36d05m43.6s,50,39,46,-90,,,10197.66
586,353d37m16.1s,-36d05m24.7s,21,15,19,50,,,10196.92
587,353d37m16.1s,-36d05m37.3s,34,28,32,-70,,,10197.42
588,353d37m16.2s,-36d05m33.5s,34,31,33,-90,,,10197.26
589,353d37m16.4s,-36d05m36.1s,37,34,36,0,,,10197.36
590,353d37m16.5s,-36d06m13.6s,71,62,68,0,,,10198.83
591,353d37m16.7s,-36d05m15.7s,27,13,22,20,,,10196.55
592,353d37m16.7s,-36d05m15.2s,27,24,26,0,,,10196.54
593,353d37m16.8s,-36d05m46.6s,74,43,64,-20,,,10197.76
594,353d37m17.1s,-36d05m45.6s,41,39,40,0,,,10197.72
595,353d37m17.5s,-36d05m58.7s,120,115,118,0,,,10198.22
596,353d37m17.6s,-36d05m41.6s,31,24,29,30,,,10197.55
597,353d37m18.3s,-36d06m13.6s,26,26,26,0,,,10198.79
598,353d37m18.3s,-36d05m26.3s,19,13,17,-40,,,10196.93
599,353d37m18.3s,-36d06m7.4s,32,23,29,-90,,,10198.55
600,353d37m18.4s,-36d06m11.2s,66,57,63,-90,,,10198.69
601,353d37m18.4s,-36d05m25.0s,37,22,32,-10,,,10196.88
602,353d37m18.6s,-36d05m24.5s,35,28,33,70,,,10196.85
603,353d37m18.7s,-36d06m35.0s,0,0,0,0,,,10199.62
604,353d37m19.1s,-36d05m26.3s,43,25,37,-40,,,10196.92
605,353d37m19.2s,-36d06m0.3s,61,46,56,0,,,10198.25
606,353d37m20.0s,-36d05m35.7s,106,87,100,70,,,10197.27
607,353d37m20.8s,-36d05m19.0s,15,13,14,0,,,10196.59
608,353d37m21.0s,-36d06m32.8s,93,84,90,0,,,10199.49
609,353d37m21.0s,-36d05m22.9s,25,13,21,-10,,,10196.74
610,353d37m22.1s,-36d05m54.4s,99,97,98,0,,,10197.95
611,353d37m22.8s,-36d06m0.1s,28,18,25,-10,,,10198.16
612,353d37m22.8s,-36d05m59.1s,28,14,24,-20,,,10198.12
613,353d37m23.4s,-36d05m57.2s,59,30,49,40,,,10198.04
614,353d37m23.8s,-36d05m25.1s,37,10,28,-40,,,10196.77
615,353d37m23.9s,-36d05m20.3s,32,19,28,0,,,10196.57
616,353d37m24.4s,-36d05m22.7s,37,28,34,0,,,10196.66
617,353d37m25.2s,-36d05m29.4s,229,130,196,0,,,10196.90
618,353d37m25.2s,-36d05m37.6s,34,34,34,0,,,10197.23
619,353d37m25.4s,-36d05m21.8s,25,12,21,0,,,10196.60
620,353d37m26.1s,-36d05m24.2s,16,13,15,0,,,10196.68
621,353d37m26.3s,-36d05m52.6s,41,23,35,-20,,,10197.79
622,353d37m26.8s,-36d06m5.5s,111,66,96,40,,,10198.29
623,353d37m26.8s,-36d05m19.5s,55,32,47,0,,,10196.48
624,353d37m27.3s,-36d05m59.3s,18,7,14,0,,,10198.03
625,353d37m27.3s,-36d05m24.7s,38,18,32,20,,,10196.68
626,353d37m27.5s,-36d06m37.1s,62,59,61,-90,,,10199.51
627,353d37m28.4s,-36d05m41.1s,44,40,43,0,,,10197.29
628,353d37m29.1s,-36d05m25.1s,28,18,25,20,,,10196.65
629,353d37m29.4s,-36d05m43.2s,79,57,72,0,,,10197.35
630,353d37m29.5s,-36d05m24.2s,35,24,32,0,,,10196.61
631,353d37m29.5s,-36d05m34.1s,34,34,34,0,,,10197.00
632,353d37m29.8s,-36d05m48.4s,53,40,49,0,,,10197.55
633,353d37m29.9s,-36d05m41.0s,62,57,60,0,,,10197.25
634,353d37m30.8s,-36d06m15.1s,79,49,69,0,,,10198.57
635,353d37m30.9s,-36d06m10.0s,110,101,107,-90,,,10198.37
636,353d37m31.1s,-36d05m49.7s,57,53,56,0,,,10197.57
637,353d37m31.4s,-36d05m25.9s,32,21,29,20,,,10196.63
638,353d37m31.9s,-36d06m34.8s,73,51,66,-70,,,10199.33
639,353d37m31.9s,-36d05m25.3s,38,15,31,10,,,10196.60
640,353d37m32.0s,-36d05m58.6s,121,110,118,0,,,10197.90
641,353d37m32.4s,-36d05m27.4s,38,21,32,10,,,10196.67
642,353d37m33.5s,-36d06m8.7s,101,73,91,20,,,10198.26
643,353d37m34.3s,-36d05m38.6s,37,31,35,0,,,10197.07
644,353d37m35.2s,-36d06m4.0s,136,61,111,10,,,10198.04
645,353d37m35.2s,-36d06m8.3s,137,0,91,0,,,10198.21
646,353d37m35.8s,-36d05m36.1s,40,34,38,70,,,10196.94
647,353d37m37.6s,-36d05m32.1s,30,24,28,-80,,,10196.74
648,353d37m37.8s,-36d05m19.4s,42,23,36,20,,,10196.23
649,353d37m37.9s,-36d05m28.6s,173,99,148,0,,,10196.59
650,353d37m38.6s,-36d05m52.2s,168,152,163,0,,,10197.51
651,353d37m39.1s,-36d06m24.2s,182,88,150,-40,,,10198.75
652,353d37m39.8s,-36d05m47.7s,152,99,135,30,,,10197.30
653,353d37m40.4s,-36d06m54.1s,62,55,60,0,,,10199.90
654,353d37m40.7s,-36d05m18.2s,53,19,42,-40,,,10196.12
655,353d37m41.1s,-36d05m20.8s,27,21,25,-90,,,10196.22
656,353d37m41.4s,-36d06m11.0s,69,37,58,0,,,10198.18
657,353d37m41.6s,-36d06m56.8s,62,51,59,0,,,10199.97
658,353d37m43.4s,-36d05m22.6s,58,31,49,-20,,,10196.24
659,353d37m43.5s,-36d05m32.9s,219,73,171,-90,,,10196.64
660,353d37m44.3s,-36d06m8.8s,58,55,57,0,,,10198.03
661,353d37m44.3s,-36d05m19.0s,81,49,70,-90,,,10196.08
662,353d37m45.5s,-36d06m22.1s,55,22,44,10,,,10198.53
663,353d37m45.8s,-36d06m23.2s,96,33,75,-40,,,10198.56
664,353d37m46.1s,-36d05m44.7s,69,53,64,-90,,,10197.05
665,353d37m48.2s,-36d06m58.8s,89,76,85,50,,,10199.91
666,353d37m49.7s,-36d05m52.6s,101,73,91,0,,,10197.28
667,353d37m49.9s,-36d06m4.3s,146,101,131,10,,,10197.73
668,353d37m54.4s,-36d06m8.5s,79,71,76,0,,,10197.80
669,353d37m57.4s,-36d06m46.2s,190,70,150,-40,,,10199.21
670,353d37m57.5s,-36d05m45.3s,210,210,210,0,,,10196.82
